84 12
199 14
310 17
424 19
535 23
646 24
759 27
866 30
977 32
85 102
196 107
305 109
419 111
531 115
640 118
748 122
856 126
964 127
84 194
196 198
302 200
413 206
525 208
631 212
740 216
847 220
951 219
85 288
194 290
300 294
411 296
519 297
627 302
733 304
839 305
940 308
84 372
191 376
296 378
405 381
516 385
621 389
724 392
831 393
930 397
85 465
187 466
294 467
401 468
510 472
615 475
718 476
821 478
921 478
85 546
186 547
291 549
391 552
504 552
608 555
709 557
813 560
909 560
85 631
185 633
288 635
391 638
500 638
602 639
702 642
805 643
899 644
83 712
182 713
284 714
388 715
494 716
597 718
696 720
797 721
888 722